左相机内参数矩阵：
[3963.631614968277, 0, 830.2926187334444;
  0, 3964.411064407527, 656.0096720827698;
  0, 0, 1]
左相机畸变系数：
[-0.1350619632191366, 3.733157499298318, 0.00271298075764578, 0.00295453410682467, -58.11467524574211]
右相机内参数矩阵：
[3960.764069876767, 0, 749.3822331089614;
  0, 3961.478517862791, 666.6521429220509;
  0, 0, 1]
右相机畸变系数：
[-0.0949884413233761, 1.231780284302775, 0.004248854333292645, -0.004182522964127097, -18.72979473242312]
左右相机旋转矩阵：
[0.9316316895995942, -0.01488733535434546, 0.3630988325233953;
  0.01290398170566756, 0.999885632228338, 0.007887313831495598;
  -0.3631747268050809, -0.002662650819007354, 0.9317172468623036]
左右相机平移矩阵：
[-343.0993388709858;
  -0.6320509460375786;
  29.48082957554463]
本征矩阵：
[-0.1508751558566403, -29.4757749877902, -0.8214173221940049;
  -97.1397335932118, -1.352444732061151, 330.3760262138529;
  -3.838508901247823, -343.0695089185351, -2.476635200452569]
基础矩阵：
[2.029447473318168e-009, 3.964057270729562e-007, -0.0002179367630543975;
  1.306407485154988e-006, 1.818510792406287e-008, -0.01870761160122625;
  -0.0006679362745303487, 0.01796490840908251, 1]
